evaluating...: 100%|██████████| 773/773 [00:11<00:00, 64.77it/s]
              precision    recall  f1-score   support

           0       1.00      1.00      1.00         9
           1       0.85      0.91      0.88        43
           2       0.97      0.95      0.96       245
           3       0.95      0.97      0.96       149
           4       1.00      0.99      0.99       139
           5       0.98      1.00      0.99       120
           6       0.97      0.97      0.97        72
           7       0.77      1.00      0.87        10
           8       1.00      1.00      1.00        27
           9       1.00      1.00      1.00       122
          10       0.00      0.00      0.00         1
          11       0.97      1.00      0.99        72
          12       0.91      1.00      0.95        31
          13       0.98      0.96      0.97        46
          14       1.00      1.00      1.00         6
          15       1.00      1.00      1.00        10
          16       1.00      1.00      1.00         9
          17       0.94      0.93      0.93       110
          18       1.00      1.00      1.00         5
          19       0.89      1.00      0.94        32
          20       0.00      0.00      0.00         1
          21       1.00      1.00      1.00        28
          22       1.00      1.00      1.00        21
          23       1.00      1.00      1.00         7
          24       1.00      0.85      0.92        20
          25       1.00      0.91      0.95        57
          26       1.00      0.81      0.90        16
          27       0.94      1.00      0.97        17
          28       0.97      1.00      0.98        29
          29       0.98      0.98      0.98        95
          30       0.99      1.00      1.00       564
          31       0.90      1.00      0.95         9
          32       0.96      1.00      0.98        66
          33       0.96      1.00      0.98        91
          34       1.00      1.00      1.00        13
          35       1.00      0.97      0.98       264
          36       1.00      1.00      1.00        34
          37       1.00      1.00      1.00         6
          38       1.00      1.00      1.00       206
          39       0.99      1.00      1.00       123
          40       1.00      0.94      0.97        17
          41       1.00      1.00      1.00        32
          42       1.00      0.25      0.40         4
          43       0.97      1.00      0.98        28
          44       1.00      1.00      1.00        16
          45       0.98      1.00      0.99        42
          46       1.00      1.00      1.00        10
          47       1.00      1.00      1.00         4
          48       0.80      1.00      0.89         8
          49       1.00      1.00      1.00         5

    accuracy                           0.98      3091
   macro avg       0.93      0.93      0.92      3091
weighted avg       0.98      0.98      0.98      3091